0
0
0
0
0
0
0
0
0
0
0
0
0
0
0
15
1
1
13
0
0
9
12
12
12
12
12
12
12
10
0
0
4
2
2
2
2
2
13
0
0
15
1
1
1
1
1
1
1
1
12
12
3
0
0
15
1
1
13
0
0
15
1
1
1
1
1
4
2
2
2
2
6
0
0
15
1
1
13
0
0
15
1
1
1
1
1
3
1
1
1
13
0
0
9
1
1
1
13
0
0
8
1
1
1
1
1
7
2
2
2
5
0
0
15
1
1
1
13
0
0
0
15
1
1
1
13
0
0
0
0
3
0
0
15
1
1
1
13
0
0
4
2
2
2
2
2
2
2
2
2
6
0
0
15
1
1
1
13
0
0
3
1
1
1
1
13
0
0
0
0
0
0
0
15
1
1
1
13
0
0
7
2
2
2
2
2
2
2
2
2
2
5
0
15
1
1
1
13
0
0
15
1
1
1
1
13
0
0
0
0
0
3
0
8
14
14
14
11
0
0
15
1
1
1
1
4
2
2
2
2
2
6
0
0
0
0
0
0
0
0
8
14
14
14
14
3
0
0
0
0
0
0
0
0
0
0
0
0
0
0
0
0
0
0
0
7
2
2
2
2
2
2
2
2
2
2
2
5
0
0
0
0
0
0
9
1
1
1
13
0
0
0
0
0
0
0
0
3
0
0
0
0
0
0
15
1
1
1
1
4
2
2
2
2
2
2
2
6
0
0
0
0
0
0
15
1
1
1
1
3
0
0
0
0
0
0
0
0
0
12
12
12
12
12
1
1
1
1
1
3
0
0
0
0
0
0
9
10
0
1
1
1
1
1
1
1
1
1
1
3
0
0
0
0
0
0
8
11
0
2
2
2
2
2
2
2
2
2
2
6
0
0
0
0
0
0
0
0
0
0
19
17
1
